%2.2 
%a)
v=[2;-4; pi];

%b)
M = [2,0,7,4;-2,2,9,8;1.4,-7,14,0]
